# m = 3.290058, b = 0.822
0.000000000000000000e+00 8.219809563540605435e-01 1.050355230060733263e-03
1.000000000000000000e+00 4.111732941712947564e+00 6.780059894817796855e-04
2.000000000000000000e+00 7.402068244537507447e+00 5.261704466923046311e-04
3.000000000000000000e+00 1.069174793012487967e+01 1.005294452238700590e-03
4.000000000000000000e+00 1.398193663929763275e+01 1.307028568677750299e-03
5.000000000000000000e+00 1.727207087582818446e+01 6.320302446784263964e-04
6.000000000000000000e+00 2.056384065838844677e+01 1.282384652941868670e-03
7.000000000000000000e+00 2.385280772157782536e+01 1.563504718951755400e-03
8.000000000000000000e+00 2.714350129793749744e+01 1.039629905166881366e-03
9.000000000000000000e+00 3.043308845623082703e+01 7.007920064025441797e-04
1.000000000000000000e+01 3.372326319055889599e+01 7.150409877411935356e-04
1.100000000000000000e+01 3.701268828145006751e+01 1.292972667618803861e-03
1.200000000000000000e+01 4.030177504721478243e+01 1.259162458916656497e-03
1.300000000000000000e+01 4.359259681150445687e+01 1.174336664034151016e-03
1.400000000000000000e+01 4.688208535783709152e+01 9.218764135122577141e-04
1.500000000000000000e+01 5.017243423457126283e+01 8.011630645522972369e-04
1.600000000000000000e+01 5.346260396153545003e+01 1.298544395831757563e-03
1.700000000000000000e+01 5.675319182832026854e+01 1.757198843449239885e-03
1.800000000000000000e+01 6.004423047065913011e+01 9.981395555068561104e-04
1.900000000000000000e+01 6.333413048888170493e+01 4.910312534199868812e-04
2.000000000000000000e+01 6.662258774481853152e+01 1.346581933599583832e-03
2.100000000000000000e+01 6.991317837598943186e+01 9.079243628465403062e-04
2.200000000000000000e+01 7.320304270331347141e+01 8.910660800303593296e-04
2.300000000000000000e+01 7.649174511103939267e+01 8.933612310336013895e-04
2.400000000000000000e+01 7.978324964352758286e+01 1.159115223686109407e-03
2.500000000000000000e+01 8.307246843203643039e+01 6.988675073304648992e-04
2.600000000000000000e+01 8.636341417660504760e+01 1.891849400005732231e-03
2.700000000000000000e+01 8.965395710509024241e+01 1.080139432908276209e-03
2.800000000000000000e+01 9.294375221417936928e+01 1.299803543943657677e-03
2.900000000000000000e+01 9.623448257472114165e+01 1.231264142058407281e-03
3.000000000000000000e+01 9.952416342410307948e+01 9.789701325083291928e-04
