# TIC Temperature[K] Metallicity Logg(CGS) u1 u2 
2.316639010000000000e+08 5.600000000000000000e+03 0.000000000000000000e+00 4.488510129999999876e+00 4.387178168750378582e-01 1.375052773986164545e-01
1.496035240000000000e+08 6.280000000000000000e+03 2.399999899999999964e-01 4.320919990000000155e+00 4.094548770915685809e-01 1.404481540214409518e-01
3.367326160000000000e+08 6.351000000000000000e+03 0.000000000000000000e+00 4.228960039999999587e+00 3.982477834595086197e-01 1.396964501809150327e-01
2.316703970000000000e+08 6.036000000000000000e+03 0.000000000000000000e+00 3.933589940000000063e+00 4.379802898826895552e-01 1.171143015977217094e-01
1.440658720000000000e+08 5.630000000000000000e+03 0.000000000000000000e+00 4.377590180000000331e+00 4.531117094579329985e-01 1.266365031390333240e-01
3.884651500000000000e+07 6.900000000000000000e+03 0.000000000000000000e+00 4.400000000000000355e+00 3.612912056130235250e-01 1.522495712642091825e-01
9.235262000000000000e+07 6.153000000000000000e+03 2.200000000000000011e-01 4.180769920000000361e+00 4.202725687589299319e-01 1.330502353515700675e-01
2.897930760000000000e+08 5.523000000000000000e+03 0.000000000000000000e+00 4.521920200000000278e+00 4.473229090480524972e-01 1.341043268321684412e-01
2.934493500000000000e+07 5.346000000000000000e+03 0.000000000000000000e+00 4.488230230000000098e+00 4.667044187430279267e-01 1.272075072210268332e-01
2.814596700000000000e+08 5.943000000000000000e+03 -1.000000000000000056e-01 4.425240040000000263e+00 4.147247747556044861e-01 1.467165646403748858e-01
3.557039130000000000e+08 5.380000000000000000e+03 0.000000000000000000e+00 4.433700080000000376e+00 4.779128949796440096e-01 1.195850903788857889e-01
3.881045250000000000e+08 5.650000000000000000e+03 0.000000000000000000e+00 4.288670060000000284e+00 4.514818203624458293e-01 1.249001138920353554e-01
9.740951900000000000e+07 6.050000000000000000e+03 0.000000000000000000e+00 4.450610160000000093e+00 3.932267022799847966e-01 1.556484749063087314e-01
2.515531000000000000e+07 5.800000000000000000e+03 -5.999999999999999778e-02 4.280039790000000011e+00 4.305344371107839851e-01 1.358581400551608642e-01
2.815415550000000000e+08 5.377000000000000000e+03 0.000000000000000000e+00 4.424759859999999989e+00 4.786608062870790214e-01 1.190662910602969665e-01
2.381761100000000000e+08 4.920000000000000000e+03 3.199999900000000119e-01 4.493710039999999850e+00 5.313677113936461360e-01 1.024170592423018222e-01
2.669803200000000000e+08 5.586000000000000000e+03 0.000000000000000000e+00 4.367630000000000123e+00 4.586294382231539402e-01 1.244191106837207461e-01
2.786838440000000000e+08 5.332000000000000000e+03 0.000000000000000000e+00 4.564290050000000321e+00 4.689426915621134340e-01 1.288984593265908030e-01
3.941375920000000000e+08 5.479299804690000201e+03 -2.000000000000000042e-02 3.769999980000000139e+00 4.762926188561668051e-01 1.026004067380548029e-01
2.070810580000000000e+08 6.053000000000000000e+03 0.000000000000000000e+00 4.313499929999999871e+00 4.141685140828249567e-01 1.413120393262166929e-01
2.317023970000000000e+08 3.318000000000000000e+03 0.000000000000000000e+00 4.958099840000000036e+00 3.014505562259713889e-01 3.014091992621967808e-01
2.901317780000000000e+08 6.188000000000000000e+03 0.000000000000000000e+00 4.271659849999999814e+00 4.060525371169338427e-01 1.409314118599435672e-01
2.983120800000000000e+07 5.080000000000000000e+03 0.000000000000000000e+00 4.481589790000000129e+00 4.901381551833055017e-01 1.202074208167304981e-01
5.236807600000000000e+07 5.154000000000000000e+03 0.000000000000000000e+00 4.470719810000000294e+00 4.828709501004774807e-01 1.222924929303933622e-01
7.044047000000000000e+07 5.751000000000000000e+03 0.000000000000000000e+00 4.350359919999999825e+00 4.398520491116051367e-01 1.322530648204327530e-01
2.345235990000000000e+08 3.424000000000000000e+03 0.000000000000000000e+00 4.400000000000000355e+00 3.397358589631007675e-01 2.994117621280308339e-01
3.919498800000000000e+08 6.086000000000000000e+03 0.000000000000000000e+00 4.262690069999999665e+00 4.126447237730837547e-01 1.392803975210591405e-01
2.012484110000000000e+08 4.486000000000000000e+03 0.000000000000000000e+00 4.499139790000000083e+00 5.652227042622338660e-01 8.822067577016212692e-02
2.630031760000000000e+08 6.295700195309999799e+03 0.000000000000000000e+00 4.400000000000000355e+00 3.964873268300587728e-01 1.481194713816657016e-01
2.350377610000000000e+08 4.174000000000000000e+03 0.000000000000000000e+00 4.341969970000000068e+00 5.605596867065172351e-01 9.682919271087392366e-02
8.902054900000000000e+07 5.673000000000000000e+03 0.000000000000000000e+00 4.553830149999999577e+00 4.336270141857322957e-01 1.408290846271540164e-01
2.193385570000000000e+08 4.028000000000000000e+03 0.000000000000000000e+00 4.559020040000000051e+00 4.197947745397676012e-01 2.128548581898197234e-01
2.349944740000000000e+08 3.794000000000000000e+03 0.000000000000000000e+00 4.678120139999999871e+00 3.194461893190683188e-01 2.957659050437733694e-01
2.672632530000000000e+08 6.888000000000000000e+03 0.000000000000000000e+00 4.234159949999999561e+00 1.000000000000000056e-01 1.000000000000000056e-01
4.101535530000000000e+08 3.043000000000000000e+03 0.000000000000000000e+00 5.097070219999999985e+00 3.509030499500466194e-01 3.466546523149197645e-01
1.769577960000000000e+08 4.651000000000000000e+03 0.000000000000000000e+00 4.569369789999999654e+00 5.531808823434309907e-01 9.425147313401667504e-02
2.776831300000000000e+08 5.722000000000000000e+03 0.000000000000000000e+00 4.355820180000000263e+00 4.426898346265089046e-01 1.314329733797842958e-01
6.248323700000000000e+07 4.356000000000000000e+03 0.000000000000000000e+00 4.534910199999999669e+00 5.573325212285848984e-01 1.028620429951415671e-01
1.400684250000000000e+08 6.174000000000000000e+03 0.000000000000000000e+00 4.274040219999999834e+00 4.066745431180343040e-01 1.416259172422688339e-01
4.032246720000000000e+08 5.795290039059999799e+03 0.000000000000000000e+00 4.400000000000000355e+00 4.331205962798836961e-01 1.378289607006344952e-01
4.259344110000000000e+08 3.658000000000000000e+03 0.000000000000000000e+00 4.400000000000000355e+00 3.585990480578022943e-01 2.690373149758988891e-01
2.537555300000000000e+07 6.371000000000000000e+03 0.000000000000000000e+00 3.948070050000000109e+00 4.177710707802207435e-01 1.204876387917835634e-01
2.611366790000000000e+08 5.950000000000000000e+03 8.878389999999999893e-02 4.400000000000000355e+00 4.242699074219281608e-01 1.400512126580868988e-01
3.507437140000000000e+08 6.038000000000000000e+03 -4.099999999999999756e-01 3.960000040000000165e+00 4.076749715754499070e-01 1.333298308301555934e-01
2.703412140000000000e+08 6.409000000000000000e+03 0.000000000000000000e+00 4.200970169999999726e+00 3.936778827695877059e-01 1.417504454117066715e-01
4.259976550000000000e+08 4.813000000000000000e+03 -1.900000000000000022e-01 4.380000110000000113e+00 5.351841724421299018e-01 1.005079219983269767e-01
3.072108300000000000e+08 3.469000000000000000e+03 0.000000000000000000e+00 4.940100189999999891e+00 2.924871424342924131e-01 3.179290424689825700e-01
2.720861590000000000e+08 3.270000000000000000e+03 0.000000000000000000e+00 4.982419969999999587e+00 3.086291799213321529e-01 2.960696177350393699e-01
2.625304070000000000e+08 3.703000000000000000e+03 0.000000000000000000e+00 4.762290000000000134e+00 2.940169165326216860e-01 3.285063243883881712e-01
2.518489410000000000e+08 4.111000000000000000e+03 0.000000000000000000e+00 4.555280210000000274e+00 4.678539923650038568e-01 1.769133553933202041e-01
2.071411310000000000e+08 5.058000000000000000e+03 0.000000000000000000e+00 4.517610069999999922e+00 4.963586186517841004e-01 1.191350786076716683e-01
5.191282900000000000e+07 6.082000000000000000e+03 0.000000000000000000e+00 3.776540039999999987e+00 4.343587778971961244e-01 1.148456877553389321e-01
7.692370700000000000e+07 4.983000000000000000e+03 0.000000000000000000e+00 4.614449979999999840e+00 5.110034987705861509e-01 1.153575423436474512e-01
7.698977300000000000e+07 5.569000000000000000e+03 0.000000000000000000e+00 4.320650099999999938e+00 4.575985199863576991e-01 1.233325157680052186e-01
1.839792620000000000e+08 6.270000000000000000e+03 0.000000000000000000e+00 3.613320110000000085e+00 4.180152557051819429e-01 1.162899341253467861e-01
3.008715450000000000e+08 6.380000000000000000e+03 0.000000000000000000e+00 4.248519899999999794e+00 3.951746581807235037e-01 1.422167685576767315e-01
1.001008270000000000e+08 6.400000000000000000e+03 1.000000000000000056e-01 4.365829940000000242e+00 3.918489188171125348e-01 1.486340840017952858e-01
2.797413790000000000e+08 4.628529785159999847e+03 2.654870000000000146e-03 4.322390079999999912e+00 5.729734395186841800e-01 7.722884048325741324e-02
2.603042960000000000e+08 6.725000000000000000e+03 0.000000000000000000e+00 4.195320129999999814e+00 3.744079774608679578e-01 1.436398423364870225e-01
2.808307340000000000e+08 6.340299804690000201e+03 -4.600000100000000147e-01 4.179999829999999861e+00 3.948056541083556636e-01 1.368435579929256352e-01
2.788662110000000000e+08 6.054000000000000000e+03 0.000000000000000000e+00 4.394159789999999788e+00 4.120482301794987645e-01 1.451413139009309905e-01
1.667395200000000000e+08 6.038000000000000000e+03 -3.600000099999999814e-01 4.355130199999999618e+00 4.029907863943053559e-01 1.475959478459678009e-01
1.835326090000000000e+08 5.600000000000000000e+03 2.399999899999999964e-01 4.505010129999999613e+00 4.500308865133211267e-01 1.314790186968786689e-01
1.835374520000000000e+08 4.800000000000000000e+03 1.700000000000000122e-01 4.535270210000000191e+00 5.433894150170037740e-01 9.844559981945918969e-02
1.839852500000000000e+08 5.422000000000000000e+03 0.000000000000000000e+00 4.422229770000000393e+00 4.741833999837390401e-01 1.203111295934635727e-01
2.114389250000000000e+08 5.940000000000000000e+03 4.000000000000000083e-02 4.231579779999999680e+00 4.260796574149297578e-01 1.337192329471158236e-01
2.309828850000000000e+08 5.640000000000000000e+03 0.000000000000000000e+00 4.437029840000000114e+00 4.529533125818933081e-01 1.278512715061777272e-01
2.345191920000000000e+08 6.495000000000000000e+03 0.000000000000000000e+00 3.320480110000000096e+00 4.182223741362404712e-01 1.027109265807930327e-01
4.414627360000000000e+08 5.105000000000000000e+03 0.000000000000000000e+00 3.391819949999999917e+00 5.291933799823556051e-01 6.520254304277894875e-02
1.242186200000000000e+07 3.763000000000000000e+03 0.000000000000000000e+00 4.837389950000000383e+00 2.958948508447214465e-01 3.164077142677247934e-01
3.097923570000000000e+08 5.350000000000000000e+03 0.000000000000000000e+00 4.523469920000000144e+00 4.631990963220584678e-01 1.306895199418054987e-01
4.102149860000000000e+08 5.414000000000000000e+03 0.000000000000000000e+00 4.400000000000000355e+00 1.000000000000000056e-01 1.000000000000000056e-01
3.506186220000000000e+08 6.461799804690000201e+03 1.800000099999999881e-01 4.349999900000000252e+00 3.862794771194981713e-01 1.501677034707663838e-01
3.555099140000000000e+08 4.746000000000000000e+03 0.000000000000000000e+00 4.527460099999999876e+00 5.412648949866276649e-01 1.006061871412073094e-01
2.599620540000000000e+08 3.203000000000000000e+03 0.000000000000000000e+00 5.016819950000000361e+00 3.208205311180056807e-01 3.017781930243071398e-01
2.817813750000000000e+08 5.605000000000000000e+03 0.000000000000000000e+00 4.399730210000000419e+00 4.555126947922903402e-01 1.265651521841151539e-01
2.815754270000000000e+08 6.222500000000000000e+03 1.300000000000000044e-01 4.059999939999999974e+00 4.105000675097789653e-01 1.337121426877440622e-01
5.565059000000000000e+07 3.358000000000000000e+03 0.000000000000000000e+00 4.400000000000000355e+00 3.387203441402149573e-01 3.085678566278449164e-01
2.602712030000000000e+08 5.963000000000000000e+03 0.000000000000000000e+00 4.311319830000000408e+00 4.194648325435068603e-01 1.397827340466250290e-01
3.148659620000000000e+08 5.493000000000000000e+03 0.000000000000000000e+00 4.430009840000000310e+00 4.673641835339354955e-01 1.223778794705855377e-01
5.220464500000000000e+07 4.892000000000000000e+03 0.000000000000000000e+00 4.509550090000000289e+00 5.205689180687997908e-01 1.095547062941570893e-01
1.416081980000000000e+08 3.275000000000000000e+03 0.000000000000000000e+00 4.400000000000000355e+00 3.323379165300426319e-01 3.135824119338816995e-01
3.002931970000000000e+08 5.873970214840000153e+03 -5.600439900000000470e-01 4.351819990000000082e+00 3.977397381608470672e-01 1.533111299576210562e-01
2.066096300000000000e+08 3.332000000000000000e+03 0.000000000000000000e+00 4.949639799999999923e+00 3.074039238501713456e-01 3.002014520943485087e-01
2.343452880000000000e+08 4.566399902340000153e+03 -8.000000000000000167e-02 4.929999829999999861e+00 5.344494485286350738e-01 1.212353041332308035e-01
1.674159650000000000e+08 5.346169921880000402e+03 -3.600000099999999814e-01 4.500770089999999612e+00 4.390521596492618084e-01 1.459482040946254999e-01
2.319129350000000000e+08 5.821000000000000000e+03 0.000000000000000000e+00 4.440939900000000051e+00 4.305493778769984292e-01 1.405403129080931013e-01
5.565289600000000000e+07 5.025770019530000354e+03 3.163250100000000176e-01 4.663479800000000175e+00 1.000000000000000056e-01 1.000000000000000056e-01
2.600437230000000000e+08 6.278000000000000000e+03 0.000000000000000000e+00 4.081530090000000222e+00 4.045536357329970745e-01 1.331895506140805818e-01
3.209058300000000000e+07 3.146000000000000000e+03 0.000000000000000000e+00 4.400000000000000355e+00 3.447008833048192389e-01 2.976099205053386321e-01
2.606092050000000000e+08 6.354000000000000000e+03 0.000000000000000000e+00 4.244719980000000170e+00 3.969243710781936163e-01 1.421840689701909799e-01
1.500988600000000000e+08 5.272709960940000201e+03 -1.007180000000000020e-01 3.988460059999999974e+00 4.770816801916940020e-01 1.133076382293785878e-01
3.169376700000000000e+08 3.765000000000000000e+03 0.000000000000000000e+00 4.751689909999999628e+00 3.092087500856554594e-01 3.051582686475995398e-01
1.444402900000000000e+08 5.709000000000000000e+03 0.000000000000000000e+00 4.400000000000000355e+00 4.433585862839555802e-01 1.312883468939796405e-01
3.264530340000000000e+08 5.063000000000000000e+03 0.000000000000000000e+00 4.484389779999999881e+00 4.935740095564143948e-01 1.183722420923932206e-01
7.079790000000000000e+07 3.689000000000000000e+03 0.000000000000000000e+00 4.781040189999999690e+00 2.966016413639362415e-01 3.190562354950109980e-01
4.752579900000000000e+07 4.658000000000000000e+03 0.000000000000000000e+00 4.530960079999999834e+00 5.521370373123641873e-01 9.430092062936323849e-02
4.748426800000000000e+07 3.396000000000000000e+03 0.000000000000000000e+00 4.914679999999999715e+00 3.034788511761606911e-01 3.063890229130231679e-01
2.760710000000000000e+06 2.808000000000000000e+03 0.000000000000000000e+00 5.206280229999999953e+00 4.410862379099305119e-01 3.888975529340047421e-01
7.704447100000000000e+07 5.738000000000000000e+03 0.000000000000000000e+00 4.238359929999999665e+00 4.407634086874517854e-01 1.293712382026194208e-01
1.206108330000000000e+08 5.100000000000000000e+03 4.300000099999999881e-01 4.465099809999999891e+00 1.000000000000000056e-01 1.000000000000000056e-01
1.600749390000000000e+08 6.467000000000000000e+03 0.000000000000000000e+00 4.160630229999999763e+00 3.874681889163357207e-01 1.415317246330766721e-01
2.043767370000000000e+08 5.375000000000000000e+03 -1.430000100000000107e-01 4.493710039999999850e+00 4.517624822605634805e-01 1.361143460687513351e-01
4.020262090000000000e+08 5.436000000000000000e+03 -1.000000000000000021e-02 4.460239890000000429e+00 4.554817698895391453e-01 1.312058285892308551e-01
4.159699080000000000e+08 3.644000000000000000e+03 0.000000000000000000e+00 4.799119949999999690e+00 2.959933651233366270e-01 3.192757811221007547e-01
1.242381500000000000e+07 3.642000000000000000e+03 0.000000000000000000e+00 4.400000000000000355e+00 3.534072965322326842e-01 2.692885991453364269e-01
2.800952540000000000e+08 5.454419921880000402e+03 -1.129050019999999988e+00 3.442470070000000160e+00 1.000000000000000056e-01 1.000000000000000056e-01
9.727392000000000000e+06 6.421500000000000000e+03 -3.099999999999999978e-01 4.190000060000000026e+00 1.000000000000000056e-01 1.000000000000000056e-01
3.050480870000000000e+08 3.139000000000000000e+03 0.000000000000000000e+00 5.049439910000000253e+00 3.278154294718783612e-01 3.192155371846767675e-01
9.006668000000000000e+06 5.024000000000000000e+03 0.000000000000000000e+00 4.568500039999999984e+00 5.010186329445869280e-01 1.181865380259296272e-01
9.725627000000000000e+06 6.362500000000000000e+03 -2.000000000000000111e-01 4.590000149999999834e+00 1.000000000000000056e-01 1.000000000000000056e-01
1.019485690000000000e+08 4.333000000000000000e+03 0.000000000000000000e+00 4.510900020000000232e+00 5.482193579697993702e-01 1.106668686281228609e-01
7.703141400000000000e+07 6.286000000000000000e+03 0.000000000000000000e+00 4.400000000000000355e+00 3.967693466609522046e-01 1.482310560888749351e-01
1.205855790000000000e+08 6.083000000000000000e+03 0.000000000000000000e+00 4.289830209999999866e+00 4.118648238605616130e-01 1.407981287529097569e-01
1.490102080000000000e+08 6.046000000000000000e+03 0.000000000000000000e+00 4.296390060000000233e+00 4.148701266740117966e-01 1.406220390261308517e-01
1.183275500000000000e+08 3.342000000000000000e+03 0.000000000000000000e+00 4.400000000000000355e+00 3.351239581993632477e-01 3.101970895162642905e-01
1.546182480000000000e+08 6.208000000000000000e+03 0.000000000000000000e+00 4.400000000000000355e+00 4.001583762155662694e-01 1.486317457064240122e-01
1.586235310000000000e+08 5.070000000000000000e+03 0.000000000000000000e+00 4.479330059999999669e+00 4.921027286841177517e-01 1.196365107971079783e-01
1.601483850000000000e+08 5.540000000000000000e+03 0.000000000000000000e+00 4.421360019999999835e+00 4.635872995261532958e-01 1.234073932884039160e-01
2.017937810000000000e+08 5.711700195309999799e+03 0.000000000000000000e+00 3.839999909999999961e+00 4.597098073610241253e-01 1.092344501822082592e-01
1.799857150000000000e+08 4.157000000000000000e+03 0.000000000000000000e+00 4.592569830000000408e+00 4.783859973628661888e-01 1.669990499729269162e-01
1.842406830000000000e+08 5.700000000000000000e+03 1.541180000000000050e-01 4.395020009999999644e+00 1.000000000000000056e-01 1.000000000000000056e-01
2.242255410000000000e+08 5.862000000000000000e+03 0.000000000000000000e+00 4.517829899999999732e+00 4.081181683153147222e-01 1.540803696987096405e-01
2.379246010000000000e+08 5.071000000000000000e+03 0.000000000000000000e+00 4.483079909999999835e+00 4.914549707732548400e-01 1.197412926893646340e-01
3.220638100000000000e+08 4.020000000000000000e+03 0.000000000000000000e+00 4.400000000000000355e+00 4.802901617913088450e-01 1.610156943849724021e-01
4.968722200000000000e+07 6.101000000000000000e+03 0.000000000000000000e+00 4.481959820000000150e+00 3.900676067621282050e-01 1.567136686009609203e-01
2.043177100000000000e+08 5.700000000000000000e+03 0.000000000000000000e+00 4.397039890000000284e+00 4.453778884404988592e-01 1.306659293262439903e-01
9.222632700000000000e+07 3.131000000000000000e+03 0.000000000000000000e+00 5.057010169999999860e+00 3.278108642839892561e-01 3.300224165035539614e-01
2.007238690000000000e+08 6.382669921880000402e+03 0.000000000000000000e+00 4.400000000000000355e+00 3.904392983752758006e-01 1.496750522742502088e-01
3.504457710000000000e+08 6.474569824219999646e+03 -1.695510000000000073e-01 4.263629909999999690e+00 3.830467304540786655e-01 1.453644617786620519e-01
1.286209900000000000e+07 5.410000000000000000e+03 0.000000000000000000e+00 4.479189869999999907e+00 4.575535680248151715e-01 1.309510646093414443e-01
3.774939600000000000e+07 4.111000000000000000e+03 0.000000000000000000e+00 4.646100040000000320e+00 4.468306500896859212e-01 1.919800638539875814e-01
6.389895700000000000e+07 5.890299804690000201e+03 -3.499999899999999831e-01 3.920000079999999887e+00 4.354300621449096464e-01 1.198565707828462557e-01
7.051336100000000000e+07 5.302580078130000402e+03 2.886540000000000217e-01 4.535150050000000377e+00 4.856219379152035831e-01 1.175639864645250110e-01
1.209167060000000000e+08 3.116000000000000000e+03 0.000000000000000000e+00 5.060430049999999902e+00 3.324733447782267093e-01 3.249416674862212195e-01
1.226120910000000000e+08 6.250000000000000000e+03 -3.616020099999999737e-01 3.988110069999999840e+00 3.993127043118473996e-01 1.317838354907591158e-01
1.599513110000000000e+08 5.310000000000000000e+03 0.000000000000000000e+00 4.596039769999999969e+00 4.714159057565873723e-01 1.288725246176303796e-01
1.647671750000000000e+08 5.784000000000000000e+03 -3.499999899999999831e-01 4.400000000000000355e+00 4.136618758155767295e-01 1.483552331626811771e-01
1.668369200000000000e+08 6.180000000000000000e+03 0.000000000000000000e+00 4.117660049999999572e+00 4.099790609723239498e-01 1.341523602670268156e-01
2.192530080000000000e+08 5.868000000000000000e+03 0.000000000000000000e+00 3.573270079999999904e+00 4.436154233908283784e-01 1.095521667061252202e-01
2.204795650000000000e+08 3.607000000000000000e+03 0.000000000000000000e+00 4.400000000000000355e+00 3.540125099456964408e-01 2.724702511194585508e-01
2.593770170000000000e+08 3.551000000000000000e+03 0.000000000000000000e+00 4.839819910000000114e+00 2.907244511500696182e-01 3.232544395283643013e-01
2.595113570000000000e+08 6.025000000000000000e+03 0.000000000000000000e+00 4.331349849999999613e+00 4.143085772163409564e-01 1.432967166112709967e-01
2.687660530000000000e+08 4.953000000000000000e+03 0.000000000000000000e+00 4.556530000000000413e+00 5.129449377089960738e-01 1.144637096292282774e-01
2.797404410000000000e+08 4.304600097659999847e+03 -1.500000099999999892e-01 4.570000170000000139e+00 5.191100549189842095e-01 1.282656284814649994e-01
2.819794810000000000e+08 5.181000000000000000e+03 0.000000000000000000e+00 4.546309950000000377e+00 4.799298010835452155e-01 1.247559300293092782e-01
3.738444720000000000e+08 5.616000000000000000e+03 0.000000000000000000e+00 4.376200200000000429e+00 4.542565995588390138e-01 1.257818958787833286e-01
3.821888820000000000e+08 6.366000000000000000e+03 0.000000000000000000e+00 4.162169930000000129e+00 3.982735721829058217e-01 1.384410010496914811e-01
4.394567140000000000e+08 3.748000000000000000e+03 0.000000000000000000e+00 4.757299899999999582e+00 3.082716583746161754e-01 3.090395481460403437e-01
2.441611910000000000e+08 2.955000000000000000e+03 0.000000000000000000e+00 5.135270120000000382e+00 3.804971977374688175e-01 3.615221806682117345e-01
1.226135130000000000e+08 4.140000000000000000e+03 0.000000000000000000e+00 4.463319779999999959e+00 4.985800561483957338e-01 1.507510502115833040e-01
4.205456500000000000e+07 5.454000000000000000e+03 0.000000000000000000e+00 4.591040129999999664e+00 4.555106068690519816e-01 1.341138907539797254e-01
3.869610500000000000e+07 6.002180175780000354e+03 2.575140000000000207e-01 4.123539919999999803e+00 4.300902469137105610e-01 1.283710778851955836e-01
2.978129200000000000e+07 6.321000000000000000e+03 0.000000000000000000e+00 4.224359989999999954e+00 3.979051399388867649e-01 1.407895771496452952e-01
3.826266610000000000e+08 5.250000000000000000e+03 0.000000000000000000e+00 4.641759869999999566e+00 4.726945540247642352e-01 1.306857439138713606e-01
2.771039550000000000e+08 4.943000000000000000e+03 0.000000000000000000e+00 4.573369979999999835e+00 5.146546213656072455e-01 1.133303882113045336e-01
2.204599760000000000e+08 3.891000000000000000e+03 0.000000000000000000e+00 4.640439989999999959e+00 3.614929724342724193e-01 2.566504637864584493e-01
1.500302050000000000e+08 5.245000000000000000e+03 0.000000000000000000e+00 4.576660160000000310e+00 4.733524662301340502e-01 1.273478325638267572e-01
